GF(4)^5 universal route-chart control data for symbols 0=a, 1=a^-1, 2=b, 3=b^-1
GF(4) encoding: 0,1,2=alpha,3=alpha+1 with alpha^2=alpha+1.
A_list:
[[2, 0, 1, 2, 0], [1, 2, 2, 0, 0], [3, 0, 0, 3, 0], [0, 0, 1, 3, 0], [2, 1, 2, 2, 2]]
[[2, 0, 3, 2, 0], [0, 3, 1, 1, 0], [1, 0, 3, 0, 0], [2, 0, 1, 2, 0], [1, 2, 2, 3, 3]]
[[3, 1, 3, 2, 0], [0, 1, 0, 0, 0], [1, 0, 2, 0, 0], [2, 1, 0, 0, 0], [3, 2, 2, 0, 2]]
[[0, 3, 0, 3, 0], [0, 1, 0, 0, 0], [0, 2, 3, 2, 0], [3, 1, 1, 2, 0], [0, 2, 3, 3, 3]]
b_list:
[2, 1, 2, 0, 2]
[2, 1, 3, 1, 2]
[2, 1, 0, 2, 2]
[2, 1, 1, 3, 2]
Verified 324 reduced words of length 5; minimum controllability rank 5.
